# 
# Header Description:
# 
# Version: v3.1.0.4 Platform: 15 Manufacturer: Google Model: Pixel 7a GNSS Hardware Model Name: Broadcom, BCM4776, GLL ver. 154.20.24 616640
# 
# Raw,utcTimeMillis,TimeNanos,LeapSecond,TimeUncertaintyNanos,FullBiasNanos,BiasNanos,BiasUncertaintyNanos,DriftNanosPerSecond,DriftUncertaintyNanosPerSecond,HardwareClockDiscontinuityCount,Svid,TimeOffsetNanos,State,ReceivedSvTimeNanos,ReceivedSvTimeUncertaintyNanos,Cn0DbHz,PseudorangeRateMetersPerSecond,PseudorangeRateUncertaintyMetersPerSecond,AccumulatedDeltaRangeState,AccumulatedDeltaRangeMeters,AccumulatedDeltaRangeUncertaintyMeters,CarrierFrequencyHz,CarrierCycles,CarrierPhase,CarrierPhaseUncertainty,MultipathIndicator,SnrInDb,ConstellationType,AgcDb,BasebandCn0DbHz,FullInterSignalBiasNanos,FullInterSignalBiasUncertaintyNanos,SatelliteInterSignalBiasNanos,SatelliteInterSignalBiasUncertaintyNanos,CodeType,ChipsetElapsedRealtimeNanos,IsFullTracking
# 
# UncalAccel,utcTimeMillis,elapsedRealtimeNanos,UncalAccelXMps2,UncalAccelYMps2,UncalAccelZMps2,BiasXMps2,BiasYMps2,BiasZMps2
# 
# Accel,utcTimeMillis,elapsedRealtimeNanos,AccelXMps2,AccelYMps2,AccelZMps2
# 
# UncalGyro,utcTimeMillis,elapsedRealtimeNanos,UncalGyroXRadPerSec,UncalGyroYRadPerSec,UncalGyroZRadPerSec,DriftXRadPerSec,DriftYRadPerSec,DriftZRadPerSec
# 
# Gyro,utcTimeMillis,elapsedRealtimeNanos,GyroXRadPerSec,GyroYRadPerSec,GyroZRadPerSec
# 
# UncalMag,utcTimeMillis,elapsedRealtimeNanos,UncalMagXMicroT,UncalMagYMicroT,UncalMagZMicroT,BiasXMicroT,BiasYMicroT,BiasZMicroT
# 
# Mag,utcTimeMillis,elapsedRealtimeNanos,MagXMicroT,MagYMicroT,MagZMicroT
# 
# Pressure,utcTimeMillis,elapsedRealtimeNanos,PressureHpa
# 
# OrientationDeg,utcTimeMillis,elapsedRealtimeNanos,yawDeg,rollDeg,pitchDeg
# 
# Fix,Provider,LatitudeDegrees,LongitudeDegrees,AltitudeMeters,SpeedMps,AccuracyMeters,BearingDegrees,UnixTimeMillis,SpeedAccuracyMps,BearingAccuracyDegrees,elapsedRealtimeNanos,VerticalAccuracyMeters,MockLocation,NumberOfUsedSignals,VerticalSpeedAccuracyMps,SolutionType
# 
# Nav,Svid,Type,Status,MessageId,Sub-messageId,Data(Bytes)
# 
# Status,UnixTimeMillis,SignalCount,SignalIndex,ConstellationType,Svid,CarrierFrequencyHz,Cn0DbHz,AzimuthDegrees,ElevationDegrees,UsedInFix,HasAlmanacData,HasEphemerisData,BasebandCn0DbHz
# 
# Agc,utcTimeMillis,TimeNanos,LeapSecond,TimeUncertaintyNanos,FullBiasNanos,BiasNanos,BiasUncertaintyNanos,DriftNanosPerSecond,DriftUncertaintyNanosPerSecond,HardwareClockDiscontinuityCount,AgcDb,CarrierFrequencyHz,ConstellationType
# 
Agc,1746167319992,6105000000,,,-1430202531887996202,0.0,2200001812,,,12,36.16480255126953,1575420000,1
Agc,1746167319992,6105000000,,,-1430202531887996202,0.0,2200001812,,,12,0.0,1176450000,1
Agc,1746167319992,6105000000,,,-1430202531887996202,0.0,2200001812,,,12,49.213958740234375,1602000000,3
Agc,1746167319992,6105000000,,,-1430202531887996202,0.0,2200001812,,,12,36.16480255126953,1575420000,6
Agc,1746167319992,6105000000,,,-1430202531887996202,0.0,2200001812,,,12,0.0,1176450000,6
Agc,1746167319992,6105000000,,,-1430202531887996202,0.0,2200001812,,,12,48.668338775634766,1561096000,5
Agc,1746167319992,6105000000,,,-1430202531887996202,0.0,2200001812,,,12,36.16480255126953,1575420000,5
Agc,1746167319992,6105000000,,,-1430202531887996202,0.0,2200001812,,,12,0.0,1176450000,5
Agc,1746167320992,7105000000,,,-1430202531887995569,0.0,2200002114,,,12,34.44438171386719,1575420000,1
Agc,1746167320992,7105000000,,,-1430202531887995569,0.0,2200002114,,,12,0.0,1176450000,1
Agc,1746167320992,7105000000,,,-1430202531887995569,0.0,2200002114,,,12,48.98435974121094,1602000000,3
Agc,1746167320992,7105000000,,,-1430202531887995569,0.0,2200002114,,,12,34.44438171386719,1575420000,6
Agc,1746167320992,7105000000,,,-1430202531887995569,0.0,2200002114,,,12,0.0,1176450000,6
Agc,1746167320992,7105000000,,,-1430202531887995569,0.0,2200002114,,,12,49.4864387512207,1561096000,5
Agc,1746167320992,7105000000,,,-1430202531887995569,0.0,2200002114,,,12,34.44438171386719,1575420000,5
Agc,1746167320992,7105000000,,,-1430202531887995569,0.0,2200002114,,,12,0.0,1176450000,5
Agc,1746167321992,8105000000,,,-1430202531887994935,0.0,2200002416,,,12,34.44438171386719,1575420000,1
Agc,1746167321992,8105000000,,,-1430202531887994935,0.0,2200002416,,,12,0.0,1176450000,1
Agc,1746167321992,8105000000,,,-1430202531887994935,0.0,2200002416,,,12,49.79810333251953,1602000000,3
Agc,1746167321992,8105000000,,,-1430202531887994935,0.0,2200002416,,,12,34.44438171386719,1575420000,6
Agc,1746167321992,8105000000,,,-1430202531887994935,0.0,2200002416,,,12,0.0,1176450000,6
Agc,1746167321992,8105000000,,,-1430202531887994935,0.0,2200002416,,,12,50.75538635253906,1561096000,5
Agc,1746167321992,8105000000,,,-1430202531887994935,0.0,2200002416,,,12,34.44438171386719,1575420000,5
Agc,1746167321992,8105000000,,,-1430202531887994935,0.0,2200002416,,,12,0.0,1176450000,5
Agc,1746167322992,9105000000,,,-1430202531887994303,0.0,2200002718,,,12,34.44438171386719,1575420000,1
Agc,1746167322992,9105000000,,,-1430202531887994303,0.0,2200002718,,,12,0.0,1176450000,1
Agc,1746167322992,9105000000,,,-1430202531887994303,0.0,2200002718,,,12,48.827857971191406,1602000000,3
Agc,1746167322992,9105000000,,,-1430202531887994303,0.0,2200002718,,,12,34.44438171386719,1575420000,6
Agc,1746167322992,9105000000,,,-1430202531887994303,0.0,2200002718,,,12,0.0,1176450000,6
Agc,1746167322992,9105000000,,,-1430202531887994303,0.0,2200002718,,,12,50.234073638916016,1561096000,5
Agc,1746167322992,9105000000,,,-1430202531887994303,0.0,2200002718,,,12,34.44438171386719,1575420000,5
Agc,1746167322992,9105000000,,,-1430202531887994303,0.0,2200002718,,,12,0.0,1176450000,5
Agc,1746167323992,10105000000,,,-1430202531887993670,0.0,2200003020,,,12,34.68907165527344,1575420000,1
Agc,1746167323992,10105000000,,,-1430202531887993670,0.0,2200003020,,,12,0.0,1176450000,1
Agc,1746167323992,10105000000,,,-1430202531887993670,0.0,2200003020,,,12,49.213958740234375,1602000000,3
Agc,1746167323992,10105000000,,,-1430202531887993670,0.0,2200003020,,,12,34.68907165527344,1575420000,6
Agc,1746167323992,10105000000,,,-1430202531887993670,0.0,2200003020,,,12,0.0,1176450000,6
Agc,1746167323992,10105000000,,,-1430202531887993670,0.0,2200003020,,,12,49.289024353027344,1561096000,5
Agc,1746167323992,10105000000,,,-1430202531887993670,0.0,2200003020,,,12,34.68907165527344,1575420000,5
Agc,1746167323992,10105000000,,,-1430202531887993670,0.0,2200003020,,,12,0.0,1176450000,5
Agc,1746167324992,11105000000,,,-1430202531887993036,0.0,2200003322,,,12,35.234554290771484,1575420000,1
Agc,1746167324992,11105000000,,,-1430202531887993036,0.0,2200003322,,,12,0.0,1176450000,1
Agc,1746167324992,11105000000,,,-1430202531887993036,0.0,2200003322,,,12,48.66847610473633,1602000000,3
Agc,1746167324992,11105000000,,,-1430202531887993036,0.0,2200003322,,,12,35.234554290771484,1575420000,6
Agc,1746167324992,11105000000,,,-1430202531887993036,0.0,2200003322,,,12,0.0,1176450000,6
Agc,1746167324992,11105000000,,,-1430202531887993036,0.0,2200003322,,,12,49.289024353027344,1561096000,5
Agc,1746167324992,11105000000,,,-1430202531887993036,0.0,2200003322,,,12,35.234554290771484,1575420000,5
Agc,1746167324992,11105000000,,,-1430202531887993036,0.0,2200003322,,,12,0.0,1176450000,5
Agc,1746167325992,12105000000,,,-1430202531887992403,0.0,2200003624,,,12,33.75603485107422,1575420000,1
Agc,1746167325992,12105000000,,,-1430202531887992403,0.0,2200003624,,,12,0.0,1176450000,1
Agc,1746167325992,12105000000,,,-1430202531887992403,0.0,2200003624,,,12,48.256744384765625,1602000000,3
Agc,1746167325992,12105000000,,,-1430202531887992403,0.0,2200003624,,,12,33.75603485107422,1575420000,6
Agc,1746167325992,12105000000,,,-1430202531887992403,0.0,2200003624,,,12,0.0,1176450000,6
Agc,1746167325992,12105000000,,,-1430202531887992403,0.0,2200003624,,,12,53.544403076171875,1561096000,5
Agc,1746167325992,12105000000,,,-1430202531887992403,0.0,2200003624,,,12,33.75603485107422,1575420000,5
Agc,1746167325992,12105000000,,,-1430202531887992403,0.0,2200003624,,,12,0.0,1176450000,5
Fix,NLP,51.5024053000,6.5354219000,,,1299.999,,1746167321504,,,168275692000000,,0,,,
Agc,1746167326992,13105000000,,,-1430202531887991771,0.0,2200003926,,,12,35.234554290771484,1575420000,1
Agc,1746167326992,13105000000,,,-1430202531887991771,0.0,2200003926,,,12,0.0,1176450000,1
Agc,1746167326992,13105000000,,,-1430202531887991771,0.0,2200003926,,,12,50.67078399658203,1602000000,3
Agc,1746167326992,13105000000,,,-1430202531887991771,0.0,2200003926,,,12,35.234554290771484,1575420000,6
Agc,1746167326992,13105000000,,,-1430202531887991771,0.0,2200003926,,,12,0.0,1176450000,6
Agc,1746167326992,13105000000,,,-1430202531887991771,0.0,2200003926,,,12,53.544403076171875,1561096000,5
Agc,1746167326992,13105000000,,,-1430202531887991771,0.0,2200003926,,,12,35.234554290771484,1575420000,5
Agc,1746167326992,13105000000,,,-1430202531887991771,0.0,2200003926,,,12,0.0,1176450000,5
Agc,1746167327992,14105000000,,,-1430202531887991138,0.0,2200004228,,,12,34.27734375,1575420000,1
Agc,1746167327992,14105000000,,,-1430202531887991138,0.0,2200004228,,,12,0.0,1176450000,1
Agc,1746167327992,14105000000,,,-1430202531887991138,0.0,2200004228,,,12,48.256744384765625,1602000000,3
Agc,1746167327992,14105000000,,,-1430202531887991138,0.0,2200004228,,,12,34.27734375,1575420000,6
Agc,1746167327992,14105000000,,,-1430202531887991138,0.0,2200004228,,,12,0.0,1176450000,6
Agc,1746167327992,14105000000,,,-1430202531887991138,0.0,2200004228,,,12,53.544403076171875,1561096000,5
Agc,1746167327992,14105000000,,,-1430202531887991138,0.0,2200004228,,,12,34.27734375,1575420000,5
Agc,1746167327992,14105000000,,,-1430202531887991138,0.0,2200004228,,,12,0.0,1176450000,5
Agc,1746167328992,15105000000,,,-1430202531887990504,0.0,2200004530,,,12,33.296356201171875,1575420000,1
Agc,1746167328992,15105000000,,,-1430202531887990504,0.0,2200004530,,,12,0.0,1176450000,1
Agc,1746167328992,15105000000,,,-1430202531887990504,0.0,2200004530,,,12,48.086429595947266,1602000000,3
Agc,1746167328992,15105000000,,,-1430202531887990504,0.0,2200004530,,,12,33.296356201171875,1575420000,6
Agc,1746167328992,15105000000,,,-1430202531887990504,0.0,2200004530,,,12,0.0,1176450000,6
Agc,1746167328992,15105000000,,,-1430202531887990504,0.0,2200004530,,,12,53.544403076171875,1561096000,5
Agc,1746167328992,15105000000,,,-1430202531887990504,0.0,2200004530,,,12,33.296356201171875,1575420000,5
Agc,1746167328992,15105000000,,,-1430202531887990504,0.0,2200004530,,,12,0.0,1176450000,5
Agc,1746167329992,16105000000,,,-1430202531887989872,0.0,2200004832,,,12,35.384315490722656,1575420000,1
Agc,1746167329992,16105000000,,,-1430202531887989872,0.0,2200004832,,,12,0.0,1176450000,1
Agc,1746167329992,16105000000,,,-1430202531887989872,0.0,2200004832,,,12,48.98435974121094,1602000000,3
Agc,1746167329992,16105000000,,,-1430202531887989872,0.0,2200004832,,,12,35.384315490722656,1575420000,6
Agc,1746167329992,16105000000,,,-1430202531887989872,0.0,2200004832,,,12,0.0,1176450000,6
Agc,1746167329992,16105000000,,,-1430202531887989872,0.0,2200004832,,,12,53.544403076171875,1561096000,5
Agc,1746167329992,16105000000,,,-1430202531887989872,0.0,2200004832,,,12,35.384315490722656,1575420000,5
Agc,1746167329992,16105000000,,,-1430202531887989872,0.0,2200004832,,,12,0.0,1176450000,5
Agc,1746167330992,17105000000,,,-1430202531887989239,0.0,2200005134,,,12,34.848453521728516,1575420000,1
Agc,1746167330992,17105000000,,,-1430202531887989239,0.0,2200005134,,,12,0.0,1176450000,1
Agc,1746167330992,17105000000,,,-1430202531887989239,0.0,2200005134,,,12,49.36371994018555,1602000000,3
Agc,1746167330992,17105000000,,,-1430202531887989239,0.0,2200005134,,,12,34.848453521728516,1575420000,6
Agc,1746167330992,17105000000,,,-1430202531887989239,0.0,2200005134,,,12,0.0,1176450000,6
Agc,1746167330992,17105000000,,,-1430202531887989239,0.0,2200005134,,,12,53.544403076171875,1561096000,5
Agc,1746167330992,17105000000,,,-1430202531887989239,0.0,2200005134,,,12,34.848453521728516,1575420000,5
Agc,1746167330992,17105000000,,,-1430202531887989239,0.0,2200005134,,,12,0.0,1176450000,5
Fix,NLP,51.5010463000,6.5458091000,80.5999984741211,,14.101,,1746167326680,,,168280867000000,1.4352564,0,,,
Fix,FLP,51.5010465000,6.5458092000,80.5999984741211,0.07755962,14.101,,1746167326680,1.5,,168280867000000,0.8753499,0,,,
Agc,1746167331992,18105000000,,,-1430202531887988605,0.0,2200005436,,,12,34.68907165527344,1575420000,1
Agc,1746167331992,18105000000,,,-1430202531887988605,0.0,2200005436,,,12,0.0,1176450000,1
Agc,1746167331992,18105000000,,,-1430202531887988605,0.0,2200005436,,,12,48.086429595947266,1602000000,3
Agc,1746167331992,18105000000,,,-1430202531887988605,0.0,2200005436,,,12,34.68907165527344,1575420000,6
Agc,1746167331992,18105000000,,,-1430202531887988605,0.0,2200005436,,,12,0.0,1176450000,6
Agc,1746167331992,18105000000,,,-1430202531887988605,0.0,2200005436,,,12,53.544403076171875,1561096000,5
Agc,1746167331992,18105000000,,,-1430202531887988605,0.0,2200005436,,,12,34.68907165527344,1575420000,5
Agc,1746167331992,18105000000,,,-1430202531887988605,0.0,2200005436,,,12,0.0,1176450000,5
Agc,1746167332992,19105000000,,,-1430202531887987972,0.0,2200005738,,,12,34.27734375,1575420000,1
Agc,1746167332992,19105000000,,,-1430202531887987972,0.0,2200005738,,,12,0.0,1176450000,1
Agc,1746167332992,19105000000,,,-1430202531887987972,0.0,2200005738,,,12,48.66847610473633,1602000000,3
Agc,1746167332992,19105000000,,,-1430202531887987972,0.0,2200005738,,,12,34.27734375,1575420000,6
Agc,1746167332992,19105000000,,,-1430202531887987972,0.0,2200005738,,,12,0.0,1176450000,6
Agc,1746167332992,19105000000,,,-1430202531887987972,0.0,2200005738,,,12,53.544403076171875,1561096000,5
Agc,1746167332992,19105000000,,,-1430202531887987972,0.0,2200005738,,,12,34.27734375,1575420000,5
Agc,1746167332992,19105000000,,,-1430202531887987972,0.0,2200005738,,,12,0.0,1176450000,5
Agc,1746167333992,20105000000,,,-1430202531887987340,0.0,2200006040,,,12,35.234554290771484,1575420000,1
Agc,1746167333992,20105000000,,,-1430202531887987340,0.0,2200006040,,,12,0.0,1176450000,1
Agc,1746167333992,20105000000,,,-1430202531887987340,0.0,2200006040,,,12,49.938201904296875,1602000000,3
Agc,1746167333992,20105000000,,,-1430202531887987340,0.0,2200006040,,,12,35.234554290771484,1575420000,6
Agc,1746167333992,20105000000,,,-1430202531887987340,0.0,2200006040,,,12,0.0,1176450000,6
Agc,1746167333992,20105000000,,,-1430202531887987340,0.0,2200006040,,,12,53.544403076171875,1561096000,5
Agc,1746167333992,20105000000,,,-1430202531887987340,0.0,2200006040,,,12,35.234554290771484,1575420000,5
Agc,1746167333992,20105000000,,,-1430202531887987340,0.0,2200006040,,,12,0.0,1176450000,5
Agc,1746167334992,21105000000,,,-1430202531887986707,0.0,2200006342,,,12,34.848453521728516,1575420000,1
Agc,1746167334992,21105000000,,,-1430202531887986707,0.0,2200006342,,,12,0.0,1176450000,1
Agc,1746167334992,21105000000,,,-1430202531887986707,0.0,2200006342,,,12,48.086429595947266,1602000000,3
Agc,1746167334992,21105000000,,,-1430202531887986707,0.0,2200006342,,,12,34.848453521728516,1575420000,6
Agc,1746167334992,21105000000,,,-1430202531887986707,0.0,2200006342,,,12,0.0,1176450000,6
Agc,1746167334992,21105000000,,,-1430202531887986707,0.0,2200006342,,,12,53.544403076171875,1561096000,5
Agc,1746167334992,21105000000,,,-1430202531887986707,0.0,2200006342,,,12,34.848453521728516,1575420000,5
Agc,1746167334992,21105000000,,,-1430202531887986707,0.0,2200006342,,,12,0.0,1176450000,5
Agc,1746167335992,22105000000,,,-1430202531887986073,0.0,2200006644,,,12,35.00495910644531,1575420000,1
Agc,1746167335992,22105000000,,,-1430202531887986073,0.0,2200006644,,,12,0.0,1176450000,1
Agc,1746167335992,22105000000,,,-1430202531887986073,0.0,2200006644,,,12,48.086429595947266,1602000000,3
Agc,1746167335992,22105000000,,,-1430202531887986073,0.0,2200006644,,,12,35.00495910644531,1575420000,6
Agc,1746167335992,22105000000,,,-1430202531887986073,0.0,2200006644,,,12,0.0,1176450000,6
Agc,1746167335992,22105000000,,,-1430202531887986073,0.0,2200006644,,,12,53.544403076171875,1561096000,5
Agc,1746167335992,22105000000,,,-1430202531887986073,0.0,2200006644,,,12,35.00495910644531,1575420000,5
Agc,1746167335992,22105000000,,,-1430202531887986073,0.0,2200006644,,,12,0.0,1176450000,5
Agc,1746167336992,23105000000,,,-1430202531887985441,0.0,2200006946,,,12,35.234554290771484,1575420000,1
Agc,1746167336992,23105000000,,,-1430202531887985441,0.0,2200006946,,,12,0.0,1176450000,1
Agc,1746167336992,23105000000,,,-1430202531887985441,0.0,2200006946,,,12,48.256744384765625,1602000000,3
Agc,1746167336992,23105000000,,,-1430202531887985441,0.0,2200006946,,,12,35.234554290771484,1575420000,6
Agc,1746167336992,23105000000,,,-1430202531887985441,0.0,2200006946,,,12,0.0,1176450000,6
Agc,1746167336992,23105000000,,,-1430202531887985441,0.0,2200006946,,,12,53.544403076171875,1561096000,5
Agc,1746167336992,23105000000,,,-1430202531887985441,0.0,2200006946,,,12,35.234554290771484,1575420000,5
Agc,1746167336992,23105000000,,,-1430202531887985441,0.0,2200006946,,,12,0.0,1176450000,5
Agc,1746167337992,24105000000,,,-1430202531887984808,0.0,2200007248,,,12,34.107025146484375,1575420000,1
Agc,1746167337992,24105000000,,,-1430202531887984808,0.0,2200007248,,,12,0.0,1176450000,1
Agc,1746167337992,24105000000,,,-1430202531887984808,0.0,2200007248,,,12,48.086429595947266,1602000000,3
Agc,1746167337992,24105000000,,,-1430202531887984808,0.0,2200007248,,,12,34.107025146484375,1575420000,6
Agc,1746167337992,24105000000,,,-1430202531887984808,0.0,2200007248,,,12,0.0,1176450000,6
Agc,1746167337992,24105000000,,,-1430202531887984808,0.0,2200007248,,,12,53.544403076171875,1561096000,5
Agc,1746167337992,24105000000,,,-1430202531887984808,0.0,2200007248,,,12,34.107025146484375,1575420000,5
Agc,1746167337992,24105000000,,,-1430202531887984808,0.0,2200007248,,,12,0.0,1176450000,5
Agc,1746167338992,25105000000,,,-1430202531887984174,0.0,2200007550,,,12,35.60422134399414,1575420000,1
Agc,1746167338992,25105000000,,,-1430202531887984174,0.0,2200007550,,,12,0.0,1176450000,1
Agc,1746167338992,25105000000,,,-1430202531887984174,0.0,2200007550,,,12,48.256744384765625,1602000000,3
Agc,1746167338992,25105000000,,,-1430202531887984174,0.0,2200007550,,,12,35.60422134399414,1575420000,6
Agc,1746167338992,25105000000,,,-1430202531887984174,0.0,2200007550,,,12,0.0,1176450000,6
Agc,1746167338992,25105000000,,,-1430202531887984174,0.0,2200007550,,,12,53.544403076171875,1561096000,5
Agc,1746167338992,25105000000,,,-1430202531887984174,0.0,2200007550,,,12,35.60422134399414,1575420000,5
Agc,1746167338992,25105000000,,,-1430202531887984174,0.0,2200007550,,,12,0.0,1176450000,5
Agc,1746167339992,26105000000,,,-1430202531887983541,0.0,2200007852,,,12,34.68907165527344,1575420000,1
Agc,1746167339992,26105000000,,,-1430202531887983541,0.0,2200007852,,,12,0.0,1176450000,1
Agc,1746167339992,26105000000,,,-1430202531887983541,0.0,2200007852,,,12,49.58362579345703,1602000000,3
Agc,1746167339992,26105000000,,,-1430202531887983541,0.0,2200007852,,,12,34.68907165527344,1575420000,6
Agc,1746167339992,26105000000,,,-1430202531887983541,0.0,2200007852,,,12,0.0,1176450000,6
Agc,1746167339992,26105000000,,,-1430202531887983541,0.0,2200007852,,,12,53.544403076171875,1561096000,5
Agc,1746167339992,26105000000,,,-1430202531887983541,0.0,2200007852,,,12,34.68907165527344,1575420000,5
Agc,1746167339992,26105000000,,,-1430202531887983541,0.0,2200007852,,,12,0.0,1176450000,5
